614
899
898
897
896
895
894
699
892
891
890
889
754
887
886
571
884
612
882
881
880
879
878
877
350
875
874
569
872
871
749
869
868
867
866
865
864
863
862
861
860
859
858
857
856
748
854
609
746
745
744
581
848
847
846
845
844
659
691
740
840
739
838
837
738
835
834
833
832
831
830
737
630
827
735
825
824
734
408
732
475
819
818
484
816
815
814
813
654
728
626
684
483
807
806
805
804
624
802
801
723
799
722
797
796
681
623
564
792
648
790
491
601
787
786
619
714
783
782
781
780
713
644
711
776
775
466
773
772
771
709
617
561
767
706
765
764
670
762
761
640
531
638
701
