0 0 0
1 0 1
2 0 2
3 0 3
4 0 4
5 0 5
6 0 6
7 0 7
8 0 8
9 0 9
10 0 10
11 0 11
12 0 12
13 0 13
14 0 14
15 0 15
16 0 16
17 0 17
18 0 18
19 0 19
20 0 20
21 0 21
22 0 22
23 0 23
24 0 24
25 0 25
26 0 26
27 0 27
28 0 28
29 0 29
30 0 30
31 0 31
32 0 32
33 0 33
34 0 34
35 0 35
36 0 36
37 0 37
38 0 38
39 0 39
40 1 0
41 1 1
42 1 2
43 1 3
44 1 4
45 1 5
46 1 6
47 1 7
48 1 8
49 1 9
50 1 10
51 1 11
52 1 12
53 1 13
54 1 14
55 1 15
56 1 16
57 1 17
58 1 18
59 1 19
60 1 20
61 1 21
62 1 22
63 1 23
64 1 24
65 1 25
66 1 26
67 1 27
68 1 28
69 1 29
70 1 30
71 1 31
72 1 32
73 1 33
74 1 34
75 1 35
76 1 36
77 1 37
78 1 38
79 1 39
80 2 0
81 2 1
82 2 2
83 2 3
84 2 4
85 2 5
86 2 6
87 2 7
88 2 8
89 2 9
90 2 10
91 2 11
92 2 12
93 2 13
94 2 14
95 2 15
96 2 16
97 2 17
98 2 18
99 2 19
100 2 20
101 2 21
102 2 22
103 2 23
104 2 24
105 2 25
106 2 26
107 2 27
108 2 28
109 2 29
110 2 30
111 2 31
112 2 32
113 2 33
114 2 34
115 2 35
116 2 36
117 2 37
118 2 38
119 2 39
120 3 0
121 3 1
122 3 2
123 3 3
124 3 4
125 3 5
126 3 6
127 3 7
128 3 8
129 3 9
130 3 10
131 3 11
132 3 12
133 3 13
134 3 14
135 3 15
136 3 16
137 3 17
138 3 18
139 3 19
140 3 20
141 3 21
142 3 22
143 3 23
144 3 24
145 3 25
146 3 26
147 3 27
148 3 28
149 3 29
150 3 30
151 3 31
152 3 32
153 3 33
154 3 34
155 3 35
156 3 36
157 3 37
158 3 38
159 3 39
160 4 0
161 4 1
162 4 2
163 4 3
164 4 4
165 4 5
166 4 6
167 4 7
168 4 8
169 4 9
170 4 10
171 4 11
172 4 12
173 4 13
174 4 14
175 4 15
176 4 16
177 4 17
178 4 18
179 4 19
180 4 20
181 4 21
182 4 22
183 4 23
184 4 24
185 4 25
186 4 26
187 4 27
188 4 28
189 4 29
190 4 30
191 4 31
192 4 32
193 4 33
194 4 34
195 4 35
196 4 36
197 4 37
198 4 38
199 4 39
200 5 0
201 5 1
202 5 2
203 5 3
204 5 4
205 5 16
206 5 17
207 5 18
208 5 19
209 5 20
210 5 21
211 5 22
212 5 23
213 5 24
214 5 25
215 5 26
216 5 27
217 5 28
218 5 29
219 5 30
220 5 31
221 5 32
222 5 33
223 5 34
224 5 35
225 5 36
226 5 37
227 5 38
228 5 39
229 6 0
230 6 1
231 6 2
232 6 3
233 6 4
234 6 16
235 6 17
236 6 18
237 6 19
238 6 20
239 6 21
240 6 22
241 6 23
242 6 24
243 6 25
244 6 26
245 6 27
246 6 28
247 6 29
248 6 30
249 6 31
250 6 32
251 6 33
252 6 34
253 6 35
254 6 36
255 6 37
256 6 38
257 6 39
258 7 0
259 7 1
260 7 2
261 7 3
262 7 4
263 7 16
264 7 17
265 7 18
266 7 19
267 7 20
268 7 21
269 7 22
270 7 23
271 7 24
272 7 25
273 7 26
274 7 27
275 7 28
276 7 29
277 7 30
278 7 31
279 7 32
280 7 33
281 7 34
282 7 35
283 7 36
284 7 37
285 7 38
286 7 39
287 8 0
288 8 1
289 8 2
290 8 3
291 8 4
292 8 16
293 8 17
294 8 18
295 8 19
296 8 20
297 8 21
298 8 22
299 8 23
300 8 24
301 8 25
302 8 26
303 8 27
304 8 28
305 8 29
306 8 30
307 8 31
308 8 32
309 8 33
310 8 34
311 8 35
312 8 36
313 8 37
314 8 38
315 8 39
316 9 0
317 9 1
318 9 2
319 9 3
320 9 4
321 9 16
322 9 17
323 9 18
324 9 19
325 9 20
326 9 21
327 9 22
328 9 23
329 9 24
330 9 25
331 9 26
332 9 27
333 9 28
334 9 29
335 9 30
336 9 31
337 9 32
338 9 33
339 9 34
340 9 35
341 9 36
342 9 37
343 9 38
344 9 39
345 10 0
346 10 1
347 10 2
348 10 3
349 10 4
350 10 16
351 10 17
352 10 18
353 10 19
354 10 20
355 10 21
356 10 22
357 10 23
358 10 24
359 10 25
360 10 26
361 10 27
362 10 28
363 10 29
364 10 30
365 10 31
366 10 32
367 10 33
368 10 34
369 10 35
370 10 36
371 10 37
372 10 38
373 10 39
374 11 0
375 11 1
376 11 2
377 11 3
378 11 4
379 11 16
380 11 17
381 11 18
382 11 19
383 11 20
384 11 21
385 11 22
386 11 23
387 11 24
388 11 25
389 11 26
390 11 27
391 11 28
392 11 29
393 11 30
394 11 31
395 11 32
396 11 33
397 11 34
398 11 35
399 11 36
400 11 37
401 11 38
402 11 39
403 12 0
404 12 1
405 12 2
406 12 3
407 12 4
408 12 16
409 12 17
410 12 18
411 12 19
412 12 20
413 12 21
414 12 22
415 12 23
416 12 24
417 12 25
418 12 26
419 12 27
420 12 28
421 12 29
422 12 30
423 12 31
424 12 32
425 12 33
426 12 34
427 12 35
428 12 36
429 12 37
430 12 38
431 12 39
432 13 0
433 13 1
434 13 2
435 13 3
436 13 4
437 13 16
438 13 17
439 13 18
440 13 19
441 13 20
442 13 21
443 13 22
444 13 23
445 13 24
446 13 25
447 13 26
448 13 27
449 13 28
450 13 29
451 13 30
452 13 31
453 13 32
454 13 33
455 13 34
456 13 35
457 13 36
458 13 37
459 13 38
460 13 39
461 14 0
462 14 1
463 14 2
464 14 3
465 14 4
466 14 16
467 14 17
468 14 18
469 14 19
470 14 20
471 14 21
472 14 22
473 14 23
474 14 24
475 14 25
476 14 26
477 14 27
478 14 28
479 14 29
480 14 30
481 14 31
482 14 32
483 14 33
484 14 34
485 14 35
486 14 36
487 14 37
488 14 38
489 14 39
490 15 0
491 15 1
492 15 2
493 15 3
494 15 4
495 15 16
496 15 17
497 15 18
498 15 19
499 15 20
500 15 21
501 15 22
502 15 23
503 15 24
504 15 25
505 15 26
506 15 27
507 15 28
508 15 29
509 15 30
510 15 31
511 15 32
512 15 33
513 15 34
514 15 35
515 15 36
516 15 37
517 15 38
518 15 39
519 16 0
520 16 1
521 16 2
522 16 3
523 16 4
524 16 5
525 16 6
526 16 7
527 16 8
528 16 9
529 16 10
530 16 11
531 16 12
532 16 13
533 16 14
534 16 15
535 16 16
536 16 17
537 16 18
538 16 19
539 16 20
540 16 21
541 16 22
542 16 23
543 16 24
544 16 25
545 16 26
546 16 27
547 16 28
548 16 29
549 16 30
550 16 31
551 16 32
552 16 33
553 16 34
554 16 35
555 16 36
556 16 37
557 16 38
558 16 39
559 17 0
560 17 1
561 17 2
562 17 3
563 17 4
564 17 5
565 17 6
566 17 7
567 17 8
568 17 9
569 17 10
570 17 11
571 17 12
572 17 13
573 17 14
574 17 15
575 17 16
576 17 17
577 17 18
578 17 19
579 17 20
580 17 21
581 17 22
582 17 23
583 17 24
584 17 25
585 17 26
586 17 27
587 17 28
588 17 29
589 17 30
590 17 31
591 17 32
592 17 33
593 17 34
594 17 35
595 17 36
596 17 37
597 17 38
598 17 39
599 18 0
600 18 1
601 18 2
602 18 3
603 18 4
604 18 5
605 18 6
606 18 7
607 18 8
608 18 9
609 18 10
610 18 11
611 18 12
612 18 13
613 18 14
614 18 15
615 18 16
616 18 17
617 18 18
618 18 19
619 18 20
620 18 21
621 18 22
622 18 23
623 18 24
624 18 25
625 18 26
626 18 27
627 18 28
628 18 29
629 18 30
630 18 31
631 18 32
632 18 33
633 18 34
634 18 35
635 18 36
636 18 37
637 18 38
638 18 39
639 19 0
640 19 1
641 19 2
642 19 3
643 19 4
644 19 5
645 19 6
646 19 7
647 19 8
648 19 9
649 19 10
650 19 11
651 19 12
652 19 13
653 19 14
654 19 15
655 19 16
656 19 17
657 19 18
658 19 19
659 19 20
660 19 21
661 19 22
662 19 23
663 19 24
664 19 25
665 19 26
666 19 27
667 19 28
668 19 29
669 19 30
670 19 31
671 19 32
672 19 33
673 19 34
674 19 35
675 19 36
676 19 37
677 19 38
678 19 39
679 20 0
680 20 1
681 20 2
682 20 3
683 20 4
684 20 5
685 20 6
686 20 7
687 20 8
688 20 9
689 20 10
690 20 11
691 20 12
692 20 13
693 20 14
694 20 15
695 20 16
696 20 17
697 20 18
698 20 19
699 20 36
700 20 37
701 20 38
702 20 39
703 21 0
704 21 1
705 21 2
706 21 3
707 21 4
708 21 5
709 21 6
710 21 7
711 21 8
712 21 9
713 21 10
714 21 11
715 21 12
716 21 13
717 21 14
718 21 15
719 21 16
720 21 17
721 21 18
722 21 19
723 21 36
724 21 37
725 21 38
726 21 39
727 22 0
728 22 1
729 22 2
730 22 3
731 22 4
732 22 5
733 22 6
734 22 7
735 22 8
736 22 9
737 22 10
738 22 11
739 22 12
740 22 13
741 22 14
742 22 15
743 22 16
744 22 17
745 22 18
746 22 19
747 22 36
748 22 37
749 22 38
750 22 39
751 23 0
752 23 1
753 23 2
754 23 3
755 23 4
756 23 5
757 23 6
758 23 7
759 23 8
760 23 9
761 23 10
762 23 11
763 23 12
764 23 13
765 23 14
766 23 15
767 23 16
768 23 17
769 23 18
770 23 19
771 23 36
772 23 37
773 23 38
774 23 39
775 24 0
776 24 1
777 24 2
778 24 3
779 24 4
780 24 5
781 24 6
782 24 7
783 24 8
784 24 9
785 24 10
786 24 11
787 24 12
788 24 13
789 24 14
790 24 15
791 24 16
792 24 17
793 24 18
794 24 19
795 24 36
796 24 37
797 24 38
798 24 39
799 25 0
800 25 1
801 25 2
802 25 3
803 25 4
804 25 5
805 25 6
806 25 7
807 25 8
808 25 9
809 25 10
810 25 11
811 25 12
812 25 13
813 25 14
814 25 15
815 25 16
816 25 17
817 25 18
818 25 19
819 25 36
820 25 37
821 25 38
822 25 39
823 26 0
824 26 1
825 26 2
826 26 3
827 26 4
828 26 5
829 26 6
830 26 7
831 26 8
832 26 9
833 26 10
834 26 11
835 26 12
836 26 13
837 26 14
838 26 15
839 26 16
840 26 17
841 26 18
842 26 19
843 26 36
844 26 37
845 26 38
846 26 39
847 27 0
848 27 1
849 27 2
850 27 3
851 27 4
852 27 5
853 27 6
854 27 7
855 27 8
856 27 9
857 27 10
858 27 11
859 27 12
860 27 13
861 27 14
862 27 15
863 27 16
864 27 17
865 27 18
866 27 19
867 27 36
868 27 37
869 27 38
870 27 39
871 28 0
872 28 1
873 28 2
874 28 3
875 28 4
876 28 5
877 28 6
878 28 7
879 28 8
880 28 9
881 28 10
882 28 11
883 28 12
884 28 13
885 28 14
886 28 15
887 28 16
888 28 17
889 28 18
890 28 19
891 28 36
892 28 37
893 28 38
894 28 39
895 29 0
896 29 1
897 29 2
898 29 3
899 29 4
900 29 5
901 29 6
902 29 7
903 29 8
904 29 9
905 29 10
906 29 11
907 29 12
908 29 13
909 29 14
910 29 15
911 29 16
912 29 17
913 29 18
914 29 19
915 29 36
916 29 37
917 29 38
918 29 39
919 30 0
920 30 1
921 30 2
922 30 3
923 30 4
924 30 5
925 30 6
926 30 7
927 30 8
928 30 9
929 30 10
930 30 11
931 30 12
932 30 13
933 30 14
934 30 15
935 30 16
936 30 17
937 30 18
938 30 19
939 30 36
940 30 37
941 30 38
942 30 39
943 31 0
944 31 1
945 31 2
946 31 3
947 31 4
948 31 5
949 31 6
950 31 7
951 31 8
952 31 9
953 31 10
954 31 11
955 31 12
956 31 13
957 31 14
958 31 15
959 31 16
960 31 17
961 31 18
962 31 19
963 31 36
964 31 37
965 31 38
966 31 39
967 32 0
968 32 1
969 32 2
970 32 3
971 32 4
972 32 5
973 32 6
974 32 7
975 32 8
976 32 9
977 32 10
978 32 11
979 32 12
980 32 13
981 32 14
982 32 15
983 32 16
984 32 17
985 32 18
986 32 19
987 32 36
988 32 37
989 32 38
990 32 39
991 33 0
992 33 1
993 33 2
994 33 3
995 33 4
996 33 5
997 33 6
998 33 7
999 33 8
1000 33 9
1001 33 10
1002 33 11
1003 33 12
1004 33 13
1005 33 14
1006 33 15
1007 33 16
1008 33 17
1009 33 18
1010 33 19
1011 33 36
1012 33 37
1013 33 38
1014 33 39
1015 34 0
1016 34 1
1017 34 2
1018 34 3
1019 34 4
1020 34 5
1021 34 6
1022 34 7
1023 34 8
1024 34 9
1025 34 10
1026 34 11
1027 34 12
1028 34 13
1029 34 14
1030 34 15
1031 34 16
1032 34 17
1033 34 18
1034 34 19
1035 34 36
1036 34 37
1037 34 38
1038 34 39
1039 35 0
1040 35 1
1041 35 2
1042 35 3
1043 35 4
1044 35 5
1045 35 6
1046 35 7
1047 35 8
1048 35 9
1049 35 10
1050 35 11
1051 35 12
1052 35 13
1053 35 14
1054 35 15
1055 35 16
1056 35 17
1057 35 18
1058 35 19
1059 35 36
1060 35 37
1061 35 38
1062 35 39
1063 36 0
1064 36 1
1065 36 2
1066 36 3
1067 36 4
1068 36 5
1069 36 6
1070 36 7
1071 36 8
1072 36 9
1073 36 10
1074 36 11
1075 36 12
1076 36 13
1077 36 14
1078 36 15
1079 36 16
1080 36 17
1081 36 18
1082 36 19
1083 36 20
1084 36 21
1085 36 22
1086 36 23
1087 36 24
1088 36 25
1089 36 26
1090 36 27
1091 36 28
1092 36 29
1093 36 30
1094 36 31
1095 36 32
1096 36 33
1097 36 34
1098 36 35
1099 36 36
1100 36 37
1101 36 38
1102 36 39
1103 37 0
1104 37 1
1105 37 2
1106 37 3
1107 37 4
1108 37 5
1109 37 6
1110 37 7
1111 37 8
1112 37 9
1113 37 10
1114 37 11
1115 37 12
1116 37 13
1117 37 14
1118 37 15
1119 37 16
1120 37 17
1121 37 18
1122 37 19
1123 37 20
1124 37 21
1125 37 22
1126 37 23
1127 37 24
1128 37 25
1129 37 26
1130 37 27
1131 37 28
1132 37 29
1133 37 30
1134 37 31
1135 37 32
1136 37 33
1137 37 34
1138 37 35
1139 37 36
1140 37 37
1141 37 38
1142 37 39
1143 38 0
1144 38 1
1145 38 2
1146 38 3
1147 38 4
1148 38 5
1149 38 6
1150 38 7
1151 38 8
1152 38 9
1153 38 10
1154 38 11
1155 38 12
1156 38 13
1157 38 14
1158 38 15
1159 38 16
1160 38 17
1161 38 18
1162 38 19
1163 38 20
1164 38 21
1165 38 22
1166 38 23
1167 38 24
1168 38 25
1169 38 26
1170 38 27
1171 38 28
1172 38 29
1173 38 30
1174 38 31
1175 38 32
1176 38 33
1177 38 34
1178 38 35
1179 38 36
1180 38 37
1181 38 38
1182 38 39
1183 39 0
1184 39 1
1185 39 2
1186 39 3
1187 39 4
1188 39 5
1189 39 6
1190 39 7
1191 39 8
1192 39 9
1193 39 10
1194 39 11
1195 39 12
1196 39 13
1197 39 14
1198 39 15
1199 39 16
1200 39 17
1201 39 18
1202 39 19
1203 39 20
1204 39 21
1205 39 22
1206 39 23
1207 39 24
1208 39 25
1209 39 26
1210 39 27
1211 39 28
1212 39 29
1213 39 30
1214 39 31
1215 39 32
1216 39 33
1217 39 34
1218 39 35
1219 39 36
1220 39 37
1221 39 38
1222 39 39
