0 0 0
1 0 1
2 0 2
3 0 3
4 0 4
5 0 5
6 0 6
7 0 7
8 0 8
9 0 9
10 0 10
11 0 11
12 0 12
13 0 13
14 0 14
15 0 15
16 0 16
17 0 17
18 0 18
19 0 19
20 0 20
21 0 21
22 0 22
23 0 23
24 0 24
25 0 25
26 0 26
27 0 27
28 0 28
29 0 29
30 1 0
31 1 1
32 1 2
33 1 3
34 1 4
35 1 5
36 1 6
37 1 7
38 1 8
39 1 9
40 1 10
41 1 11
42 1 12
43 1 13
44 1 14
45 1 15
46 1 16
47 1 17
48 1 18
49 1 19
50 1 20
51 1 21
52 1 22
53 1 23
54 1 24
55 1 25
56 1 26
57 1 27
58 1 28
59 1 29
60 2 0
61 2 1
62 2 2
63 2 3
64 2 4
65 2 5
66 2 6
67 2 7
68 2 8
69 2 9
70 2 10
71 2 11
72 2 12
73 2 13
74 2 14
75 2 15
76 2 16
77 2 17
78 2 18
79 2 19
80 2 20
81 2 21
82 2 22
83 2 23
84 2 24
85 2 25
86 2 26
87 2 27
88 2 28
89 2 29
90 3 0
91 3 1
92 3 2
93 3 3
94 3 4
95 3 5
96 3 6
97 3 7
98 3 8
99 3 9
100 3 10
101 3 11
102 3 12
103 3 13
104 3 14
105 3 15
106 3 16
107 3 17
108 3 18
109 3 19
110 3 20
111 3 21
112 3 22
113 3 23
114 3 24
115 3 25
116 3 26
117 3 27
118 3 28
119 3 29
120 4 0
121 4 1
122 4 2
123 4 3
124 4 4
125 4 5
126 4 6
127 4 7
128 4 8
129 4 9
130 4 10
131 4 11
132 4 12
133 4 13
134 4 14
135 4 15
136 4 16
137 4 17
138 4 18
139 4 19
140 4 20
141 4 21
142 4 22
143 4 23
144 4 24
145 4 25
146 4 26
147 4 27
148 4 28
149 4 29
150 5 0
151 5 1
152 5 2
153 5 3
154 5 4
155 5 16
156 5 17
157 5 18
158 5 19
159 6 0
160 6 1
161 6 2
162 6 3
163 6 4
164 6 16
165 6 17
166 6 18
167 6 19
168 7 0
169 7 1
170 7 2
171 7 3
172 7 4
173 7 16
174 7 17
175 7 18
176 7 19
177 8 0
178 8 1
179 8 2
180 8 3
181 8 4
182 8 16
183 8 17
184 8 18
185 8 19
186 9 0
187 9 1
188 9 2
189 9 3
190 9 4
191 9 16
192 9 17
193 9 18
194 9 19
195 10 0
196 10 1
197 10 2
198 10 3
199 10 4
200 10 16
201 10 17
202 10 18
203 10 19
204 11 0
205 11 1
206 11 2
207 11 3
208 11 4
209 11 16
210 11 17
211 11 18
212 11 19
213 12 0
214 12 1
215 12 2
216 12 3
217 12 4
218 12 16
219 12 17
220 12 18
221 12 19
222 13 0
223 13 1
224 13 2
225 13 3
226 13 4
227 13 16
228 13 17
229 13 18
230 13 19
231 14 0
232 14 1
233 14 2
234 14 3
235 14 4
236 14 16
237 14 17
238 14 18
239 14 19
240 15 0
241 15 1
242 15 2
243 15 3
244 15 4
245 15 16
246 15 17
247 15 18
248 15 19
249 16 0
250 16 1
251 16 2
252 16 3
253 16 4
254 16 5
255 16 6
256 16 7
257 16 8
258 16 9
259 16 10
260 16 11
261 16 12
262 16 13
263 16 14
264 16 15
265 16 16
266 16 17
267 16 18
268 16 19
269 16 20
270 16 21
271 16 22
272 16 23
273 16 24
274 16 25
275 16 26
276 16 27
277 16 28
278 16 29
279 17 0
280 17 1
281 17 2
282 17 3
283 17 4
284 17 5
285 17 6
286 17 7
287 17 8
288 17 9
289 17 10
290 17 11
291 17 12
292 17 13
293 17 14
294 17 15
295 17 16
296 17 17
297 17 18
298 17 19
299 17 20
300 17 21
301 17 22
302 17 23
303 17 24
304 17 25
305 17 26
306 17 27
307 17 28
308 17 29
309 18 0
310 18 1
311 18 2
312 18 3
313 18 4
314 18 5
315 18 6
316 18 7
317 18 8
318 18 9
319 18 10
320 18 11
321 18 12
322 18 13
323 18 14
324 18 15
325 18 16
326 18 17
327 18 18
328 18 19
329 18 20
330 18 21
331 18 22
332 18 23
333 18 24
334 18 25
335 18 26
336 18 27
337 18 28
338 18 29
339 19 0
340 19 1
341 19 2
342 19 3
343 19 4
344 19 5
345 19 6
346 19 7
347 19 8
348 19 9
349 19 10
350 19 11
351 19 12
352 19 13
353 19 14
354 19 15
355 19 16
356 19 17
357 19 18
358 19 19
359 19 20
360 19 21
361 19 22
362 19 23
363 19 24
364 19 25
365 19 26
366 19 27
367 19 28
368 19 29
369 20 0
370 20 1
371 20 2
372 20 3
373 20 4
374 20 5
375 20 6
376 20 7
377 20 8
378 20 9
379 20 10
380 20 11
381 20 12
382 20 13
383 20 14
384 20 15
385 20 16
386 20 17
387 20 18
388 20 19
389 20 20
390 20 21
391 20 22
392 20 23
393 20 24
394 20 25
395 20 26
396 20 27
397 20 28
398 20 29
399 21 0
400 21 1
401 21 2
402 21 3
403 21 4
404 21 5
405 21 6
406 21 7
407 21 8
408 21 9
409 21 10
410 21 11
411 21 12
412 21 13
413 21 14
414 21 15
415 21 16
416 21 17
417 21 18
418 21 19
419 21 20
420 21 21
421 21 22
422 21 23
423 21 24
424 21 25
425 21 26
426 21 27
427 21 28
428 21 29
429 22 0
430 22 1
431 22 2
432 22 3
433 22 4
434 22 5
435 22 6
436 22 7
437 22 8
438 22 9
439 22 10
440 22 11
441 22 12
442 22 13
443 22 14
444 22 15
445 22 16
446 22 17
447 22 18
448 22 19
449 22 20
450 22 21
451 22 22
452 22 23
453 22 24
454 22 25
455 22 26
456 22 27
457 22 28
458 22 29
459 23 0
460 23 1
461 23 2
462 23 3
463 23 4
464 23 5
465 23 6
466 23 7
467 23 8
468 23 9
469 23 10
470 23 11
471 23 12
472 23 13
473 23 14
474 23 15
475 23 16
476 23 17
477 23 18
478 23 19
479 23 20
480 23 21
481 23 22
482 23 23
483 23 24
484 23 25
485 23 26
486 23 27
487 23 28
488 23 29
489 24 0
490 24 1
491 24 2
492 24 3
493 24 4
494 24 5
495 24 6
496 24 7
497 24 8
498 24 9
499 24 10
500 24 11
501 24 12
502 24 13
503 24 14
504 24 15
505 24 16
506 24 17
507 24 18
508 24 19
509 24 20
510 24 21
511 24 22
512 24 23
513 24 24
514 24 25
515 24 26
516 24 27
517 24 28
518 24 29
519 25 0
520 25 1
521 25 2
522 25 3
523 25 4
524 25 5
525 25 6
526 25 7
527 25 8
528 25 9
529 25 10
530 25 11
531 25 12
532 25 13
533 25 14
534 25 15
535 25 16
536 25 17
537 25 18
538 25 19
539 25 20
540 25 21
541 25 22
542 25 23
543 25 24
544 25 25
545 25 26
546 25 27
547 25 28
548 25 29
549 26 0
550 26 1
551 26 2
552 26 3
553 26 4
554 26 5
555 26 6
556 26 7
557 26 8
558 26 9
559 26 10
560 26 11
561 26 12
562 26 13
563 26 14
564 26 15
565 26 16
566 26 17
567 26 18
568 26 19
569 26 20
570 26 21
571 26 22
572 26 23
573 26 24
574 26 25
575 26 26
576 26 27
577 26 28
578 26 29
579 27 0
580 27 1
581 27 2
582 27 3
583 27 4
584 27 5
585 27 6
586 27 7
587 27 8
588 27 9
589 27 10
590 27 11
591 27 12
592 27 13
593 27 14
594 27 15
595 27 16
596 27 17
597 27 18
598 27 19
599 27 20
600 27 21
601 27 22
602 27 23
603 27 24
604 27 25
605 27 26
606 27 27
607 27 28
608 27 29
609 28 0
610 28 1
611 28 2
612 28 3
613 28 4
614 28 5
615 28 6
616 28 7
617 28 8
618 28 9
619 28 10
620 28 11
621 28 12
622 28 13
623 28 14
624 28 15
625 28 16
626 28 17
627 28 18
628 28 19
629 28 20
630 28 21
631 28 22
632 28 23
633 28 24
634 28 25
635 28 26
636 28 27
637 28 28
638 28 29
639 29 0
640 29 1
641 29 2
642 29 3
643 29 4
644 29 5
645 29 6
646 29 7
647 29 8
648 29 9
649 29 10
650 29 11
651 29 12
652 29 13
653 29 14
654 29 15
655 29 16
656 29 17
657 29 18
658 29 19
659 29 20
660 29 21
661 29 22
662 29 23
663 29 24
664 29 25
665 29 26
666 29 27
667 29 28
668 29 29
